1|2
2|3
3|4
4|5
5|6
4|7
7|8
3|9
9|10
10|11
11|12
10|13
13|14
10|15
15|16
10|17
17|18
2|19
19|20
20|21
21|22
20|23
23|24
19|25
25|26
26|27
27|28
26|29
29|30
26|31
31|32
26|33
33|34
26|35
35|36
2|37
37|38
38|39
39|40
38|41
41|42
37|43
43|44
44|45
45|46
44|47
47|48
44|49
49|50
2|51
51|52
52|53
53|54
52|55
55|56
51|57
57|58
58|59
59|60
58|61
61|62
58|63
63|64
2|65
65|66
66|67
67|68
66|69
69|70
65|71
71|72
72|73
73|74
72|75
75|76
72|77
77|78
2|79
79|80
80|81
81|82
80|83
83|84
79|85
85|86
86|87
87|88
86|89
89|90
86|91
91|92
2|93
93|94
94|95
95|96
94|97
97|98
93|99
99|100
100|101
101|102
100|103
103|104
100|105
105|106
2|107
107|108
108|109
109|110
108|111
111|112
107|113
113|114
114|115
115|116
114|117
117|118
114|119
119|120
114|121
121|122
2|123
123|124
124|125
125|126
124|127
127|128
123|129
129|130
130|131
131|132
130|133
133|134
2|135
135|136
136|137
137|138
136|139
139|140
135|141
141|142
142|143
143|144
142|145
145|146
142|147
147|148
2|149
149|150
150|151
151|152
150|153
153|154
149|155
155|156
156|157
157|158
156|159
159|160
156|161
161|162
2|163
163|164
164|165
165|166
164|167
167|168
163|169
169|170
170|171
171|172
170|173
173|174
170|175
175|176
2|177
177|178
178|179
179|180
178|181
181|182
177|183
183|184
184|185
185|186
184|187
187|188
184|189
189|190
184|191
191|192
2|193
193|194
194|195
195|196
194|197
197|198
193|199
199|200
200|201
201|202
200|203
203|204
200|205
205|206
2|207
207|208
208|209
209|210
208|211
211|212
207|213
213|214
214|215
215|216
214|217
217|218
214|219
219|220
2|221
221|222
222|223
223|224
222|225
225|226
221|227
227|228
228|229
229|230
228|231
231|232
228|233
233|234
2|235
235|236
236|237
237|238
236|239
239|240
235|241
241|242
242|243
243|244
242|245
245|246
242|247
247|248
2|249
249|250
250|251
251|252
250|253
253|254
249|255
255|256
256|257
257|258
256|259
259|260
256|261
261|262
2|263
263|264
264|265
265|266
264|267
267|268
263|269
269|270
270|271
271|272
270|273
273|274
270|275
275|276
270|277
277|278
270|279
279|280
270|281
281|282
270|283
283|284
270|285
285|286
270|287
287|288
270|289
289|290
270|291
291|292
2|293
293|294
294|295
295|296
294|297
297|298
293|299
299|300
300|301
301|302
300|303
303|304
2|305
305|306
306|307
307|308
306|309
309|310
305|311
311|312
312|313
313|314
312|315
315|316
312|317
317|318
2|319
319|320
320|321
321|322
320|323
323|324
319|325
325|326
326|327
327|328
326|329
329|330
326|331
331|332
2|333
333|334
334|335
335|336
334|337
337|338
333|339
339|340
340|341
341|342
340|343
343|344
340|345
345|346
340|347
347|348
340|349
349|350
340|351
351|352
340|353
353|354
2|355
355|356
356|357
357|358
356|359
359|360
355|361
361|362
362|363
363|364
362|365
365|366
362|367
367|368
362|369
369|370
362|371
371|372
362|373
373|374
362|375
375|376
362|377
377|378
362|379
379|380
362|381
381|382
2|383
383|384
384|385
385|386
384|387
387|388
383|389
389|390
390|391
391|392
390|393
393|394
390|395
395|396
390|397
397|398
2|399
399|400
400|401
401|402
400|403
403|404
399|405
405|406
406|407
407|408
406|409
409|410
406|411
411|412
2|413
413|414
414|415
415|416
414|417
417|418
413|419
419|420
420|421
421|422
420|423
423|424
420|425
425|426
2|427
427|428
428|429
429|430
428|431
431|432
427|433
433|434
434|435
435|436
434|437
437|438
434|439
439|440
434|441
441|442
434|443
443|444
434|445
445|446
434|447
447|448
434|449
449|450
434|451
451|452
2|453
453|454
454|455
455|456
454|457
457|458
453|459
459|460
460|461
461|462
460|463
463|464
460|465
465|466
2|467
467|468
468|469
469|470
468|471
471|472
467|473
473|474
474|475
475|476
474|477
477|478
474|479
479|480
474|481
481|482
474|483
483|484
2|485
485|486
486|487
487|488
486|489
489|490
485|491
491|492
492|493
493|494
492|495
495|496
492|497
497|498
492|499
499|500
492|501
501|502
492|503
503|504
492|505
505|506
492|507
507|508
492|509
509|510
492|511
511|512
2|513
513|514
514|515
515|516
514|517
517|518
513|519
519|520
520|521
521|522
520|523
523|524
520|525
525|526
520|527
527|528
520|529
529|530
520|531
531|532
520|533
533|534
520|535
535|536
520|537
537|538
520|539
539|540
520|541
541|542
2|543
543|544
544|545
545|546
544|547
547|548
543|549
549|550
550|551
551|552
550|553
553|554
550|555
555|556
2|557
557|558
558|559
559|560
558|561
561|562
557|563
563|564
564|565
565|566
564|567
567|568
2|569
569|570
570|571
571|572
570|573
573|574
569|575
575|576
576|577
577|578
576|579
579|580
2|581
581|582
582|583
583|584
582|585
585|586
581|587
587|588
588|589
589|590
588|591
591|592
588|593
593|594
588|595
595|596
588|597
597|598
588|599
599|600
588|601
601|602
588|603
603|604
588|605
605|606
588|607
607|608
2|609
609|610
610|611
611|612
610|613
613|614
609|615
615|616
616|617
617|618
616|619
619|620
616|621
621|622
2|623
623|624
624|625
625|626
624|627
627|628
623|629
629|630
630|631
631|632
630|633
633|634
630|635
635|636
2|637
637|638
638|639
639|640
638|641
641|642
637|643
643|644
644|645
645|646
644|647
647|648
2|649
649|650
650|651
651|652
650|653
653|654
649|655
655|656
656|657
657|658
656|659
659|660
656|661
661|662
2|663
663|664
664|665
665|666
664|667
667|668
663|669
669|670
670|671
671|672
670|673
673|674
2|675
675|676
676|677
677|678
676|679
679|680
675|681
681|682
682|683
683|684
682|685
685|686
682|687
687|688
2|689
689|690
690|691
691|692
690|693
693|694
689|695
695|696
696|697
697|698
696|699
699|700
696|701
701|702
696|703
703|704
696|705
705|706
696|707
707|708
696|709
709|710
696|711
711|712
696|713
713|714
696|715
715|716
696|717
717|718
696|719
719|720
696|721
721|722
696|723
723|724
2|725
725|726
726|727
727|728
726|729
729|730
725|731
731|732
732|733
733|734
732|735
735|736
732|737
737|738
2|739
739|740
740|741
741|742
740|743
743|744
739|745
745|746
746|747
747|748
746|749
749|750
746|751
751|752
2|753
753|754
754|755
755|756
754|757
757|758
753|759
759|760
760|761
761|762
760|763
763|764
760|765
765|766
760|767
767|768
760|769
769|770
760|771
771|772
760|773
773|774
760|775
775|776
760|777
777|778
760|779
779|780
760|781
781|782
760|783
783|784
760|785
785|786
760|787
787|788
760|789
789|790
760|791
791|792
2|793
793|794
794|795
795|796
794|797
797|798
793|799
799|800
800|801
801|802
800|803
803|804
800|805
805|806
2|807
807|808
808|809
809|810
808|811
811|812
807|813
813|814
814|815
815|816
814|817
817|818
2|819
819|820
820|821
821|822
820|823
823|824
819|825
825|826
826|827
827|828
826|829
829|830
826|831
831|832
826|833
833|834
826|835
835|836
826|837
837|838
826|839
839|840
826|841
841|842
826|843
843|844
2|845
845|846
846|847
847|848
846|849
849|850
845|851
851|852
852|853
853|854
852|855
855|856
852|857
857|858
852|859
859|860
852|861
861|862
852|863
863|864
852|865
865|866
852|867
867|868
2|869
869|870
870|871
871|872
870|873
873|874
869|875
875|876
876|877
877|878
876|879
879|880
2|881
881|882
882|883
883|884
882|885
885|886
881|887
887|888
888|889
889|890
888|891
891|892
888|893
893|894
2|895
895|896
896|897
897|898
896|899
899|900
895|901
901|902
902|903
903|904
902|905
905|906
902|907
907|908
2|909
909|910
910|911
911|912
910|913
913|914
909|915
915|916
916|917
917|918
916|919
919|920
2|921
921|922
922|923
923|924
922|925
925|926
921|927
927|928
928|929
929|930
928|931
931|932
928|933
933|934
928|935
935|936
2|937
937|938
938|939
939|940
938|941
941|942
937|943
943|944
944|945
945|946
944|947
947|948
2|949
949|950
950|951
951|952
950|953
953|954
949|955
955|956
956|957
957|958
956|959
959|960
956|961
961|962
2|963
963|964
964|965
965|966
964|967
967|968
963|969
969|970
970|971
971|972
970|973
973|974
970|975
975|976
2|977
977|978
978|979
979|980
978|981
981|982
977|983
983|984
984|985
985|986
984|987
987|988
984|989
989|990
2|991
991|992
992|993
993|994
992|995
995|996
991|997
997|998
998|999
999|1000
998|1001
1001|1002
998|1003
1003|1004
998|1005
1005|1006
998|1007
1007|1008
2|1009
1009|1010
1010|1011
1011|1012
1010|1013
1013|1014
1009|1015
1015|1016
1016|1017
1017|1018
1016|1019
1019|1020
1016|1021
1021|1022
2|1023
1023|1024
1024|1025
1025|1026
1024|1027
1027|1028
1023|1029
1029|1030
1030|1031
1031|1032
1030|1033
1033|1034
1030|1035
1035|1036
2|1037
1037|1038
1038|1039
1039|1040
1038|1041
1041|1042
1037|1043
1043|1044
1044|1045
1045|1046
1044|1047
1047|1048
1044|1049
1049|1050
1044|1051
1051|1052
1044|1053
1053|1054
1044|1055
1055|1056
1044|1057
1057|1058
1044|1059
1059|1060
1044|1061
1061|1062
1044|1063
1063|1064
1044|1065
1065|1066
1044|1067
1067|1068
1044|1069
1069|1070
1044|1071
1071|1072
1044|1073
1073|1074
1044|1075
1075|1076
1044|1077
1077|1078
2|1079
1079|1080
1080|1081
1081|1082
1080|1083
1083|1084
1079|1085
1085|1086
1086|1087
1087|1088
1086|1089
1089|1090
2|1091
1091|1092
1092|1093
1093|1094
1092|1095
1095|1096
1091|1097
1097|1098
1098|1099
1099|1100
1098|1101
1101|1102
1098|1103
1103|1104
2|1105
1105|1106
1106|1107
1107|1108
1106|1109
1109|1110
1105|1111
1111|1112
1112|1113
1113|1114
1112|1115
1115|1116
1112|1117
1117|1118
1112|1119
1119|1120
1112|1121
1121|1122
1112|1123
1123|1124
1112|1125
1125|1126
1112|1127
1127|1128
1112|1129
1129|1130
2|1131
1131|1132
1132|1133
1133|1134
1132|1135
1135|1136
1131|1137
1137|1138
1138|1139
1139|1140
1138|1141
1141|1142
1138|1143
1143|1144
1138|1145
1145|1146
1138|1147
1147|1148
1138|1149
1149|1150
1138|1151
1151|1152
1138|1153
1153|1154
1138|1155
1155|1156
1138|1157
1157|1158
1138|1159
1159|1160
2|1161
1161|1162
1162|1163
1163|1164
1162|1165
1165|1166
1161|1167
1167|1168
1168|1169
1169|1170
1168|1171
1171|1172
1168|1173
1173|1174
1168|1175
1175|1176
1168|1177
1177|1178
1168|1179
1179|1180
1168|1181
1181|1182
1168|1183
1183|1184
1168|1185
1185|1186
1168|1187
1187|1188
2|1189
1189|1190
1190|1191
1191|1192
1190|1193
1193|1194
1189|1195
1195|1196
1196|1197
1197|1198
1196|1199
1199|1200
1196|1201
1201|1202
2|1203
1203|1204
1204|1205
1205|1206
1204|1207
1207|1208
1203|1209
1209|1210
1210|1211
1211|1212
1210|1213
1213|1214
1210|1215
1215|1216
2|1217
1217|1218
1218|1219
1219|1220
1218|1221
1221|1222
1217|1223
1223|1224
1224|1225
1225|1226
1224|1227
1227|1228
1224|1229
1229|1230
1224|1231
1231|1232
2|1233
1233|1234
1234|1235
1235|1236
1234|1237
1237|1238
1233|1239
1239|1240
1240|1241
1241|1242
1240|1243
1243|1244
1240|1245
1245|1246
2|1247
1247|1248
1248|1249
1249|1250
1248|1251
1251|1252
1247|1253
1253|1254
1254|1255
1255|1256
1254|1257
1257|1258
1254|1259
1259|1260
1254|1261
1261|1262
1254|1263
1263|1264
1254|1265
1265|1266
1254|1267
1267|1268
1254|1269
1269|1270
1254|1271
1271|1272
1254|1273
1273|1274
1254|1275
1275|1276
1254|1277
1277|1278
1254|1279
1279|1280
2|1281
1281|1282
1282|1283
1283|1284
1282|1285
1285|1286
1281|1287
1287|1288
1288|1289
1289|1290
1288|1291
1291|1292
1288|1293
1293|1294
1288|1295
1295|1296
1288|1297
1297|1298
1288|1299
1299|1300
1288|1301
1301|1302
1288|1303
1303|1304
2|1305
1305|1306
1306|1307
1307|1308
1306|1309
1309|1310
1305|1311
1311|1312
1312|1313
1313|1314
1312|1315
1315|1316
1312|1317
1317|1318
2|1319
1319|1320
1320|1321
1321|1322
1320|1323
1323|1324
1319|1325
1325|1326
1326|1327
1327|1328
1326|1329
1329|1330
1326|1331
1331|1332
2|1333
1333|1334
1334|1335
1335|1336
1334|1337
1337|1338
1333|1339
1339|1340
1340|1341
1341|1342
1340|1343
1343|1344
1340|1345
1345|1346
1340|1347
1347|1348
2|1349
1349|1350
1350|1351
1351|1352
1350|1353
1353|1354
1349|1355
1355|1356
1356|1357
1357|1358
1356|1359
1359|1360
1356|1361
1361|1362
2|1363
1363|1364
1364|1365
1365|1366
1364|1367
1367|1368
1363|1369
1369|1370
1370|1371
1371|1372
1370|1373
1373|1374
1370|1375
1375|1376
2|1377
1377|1378
1378|1379
1379|1380
1378|1381
1381|1382
1377|1383
1383|1384
1384|1385
1385|1386
1384|1387
1387|1388
2|1389
1389|1390
1390|1391
1391|1392
1390|1393
1393|1394
1389|1395
1395|1396
1396|1397
1397|1398
1396|1399
1399|1400
1396|1401
1401|1402
2|1403
1403|1404
1404|1405
1405|1406
1404|1407
1407|1408
1403|1409
1409|1410
1410|1411
1411|1412
1410|1413
1413|1414
1410|1415
1415|1416
2|1417
1417|1418
1418|1419
1419|1420
1418|1421
1421|1422
1417|1423
1423|1424
1424|1425
1425|1426
1424|1427
1427|1428
1424|1429
1429|1430
2|1431
1431|1432
1432|1433
1433|1434
1432|1435
1435|1436
1431|1437
1437|1438
1438|1439
1439|1440
1438|1441
1441|1442
1438|1443
1443|1444
2|1445
1445|1446
1446|1447
1447|1448
1446|1449
1449|1450
1445|1451
1451|1452
1452|1453
1453|1454
1452|1455
1455|1456
1452|1457
1457|1458
2|1459
1459|1460
1460|1461
1461|1462
1460|1463
1463|1464
1459|1465
1465|1466
1466|1467
1467|1468
1466|1469
1469|1470
1466|1471
1471|1472
2|1473
1473|1474
1474|1475
1475|1476
1474|1477
1477|1478
1473|1479
1479|1480
1480|1481
1481|1482
1480|1483
1483|1484
1480|1485
1485|1486
1480|1487
1487|1488
1480|1489
1489|1490
1480|1491
1491|1492
1480|1493
1493|1494
1480|1495
1495|1496
1480|1497
1497|1498
1480|1499
1499|1500
1480|1501
1501|1502
1480|1503
1503|1504
1480|1505
1505|1506
1480|1507
1507|1508
2|1509
1509|1510
1510|1511
1511|1512
1510|1513
1513|1514
1509|1515
1515|1516
1516|1517
1517|1518
1516|1519
1519|1520
1516|1521
1521|1522
2|1523
1523|1524
1524|1525
1525|1526
1524|1527
1527|1528
1523|1529
1529|1530
1530|1531
1531|1532
1530|1533
1533|1534
1530|1535
1535|1536
2|1537
1537|1538
1538|1539
1539|1540
1538|1541
1541|1542
1537|1543
1543|1544
1544|1545
1545|1546
1544|1547
1547|1548
1544|1549
1549|1550
2|1551
1551|1552
1552|1553
1553|1554
1552|1555
1555|1556
1551|1557
1557|1558
1558|1559
1559|1560
1558|1561
1561|1562
1558|1563
1563|1564
2|1565
1565|1566
1566|1567
1567|1568
1566|1569
1569|1570
1565|1571
1571|1572
1572|1573
1573|1574
1572|1575
1575|1576
1572|1577
1577|1578
2|1579
1579|1580
1580|1581
1581|1582
1580|1583
1583|1584
1579|1585
1585|1586
1586|1587
1587|1588
1586|1589
1589|1590
1586|1591
1591|1592
2|1593
1593|1594
1594|1595
1595|1596
1594|1597
1597|1598
1593|1599
1599|1600
1600|1601
1601|1602
1600|1603
1603|1604
1600|1605
1605|1606
2|1607
1607|1608
1608|1609
1609|1610
1608|1611
1611|1612
1607|1613
1613|1614
1614|1615
1615|1616
1614|1617
1617|1618
1614|1619
1619|1620
2|1621
1621|1622
1622|1623
1623|1624
1622|1625
1625|1626
1621|1627
1627|1628
1628|1629
1629|1630
1628|1631
1631|1632
1628|1633
1633|1634
2|1635
1635|1636
1636|1637
1637|1638
1636|1639
1639|1640
1635|1641
1641|1642
1642|1643
1643|1644
1642|1645
1645|1646
1642|1647
1647|1648
2|1649
1649|1650
1650|1651
1651|1652
1650|1653
1653|1654
1649|1655
1655|1656
1656|1657
1657|1658
1656|1659
1659|1660
1656|1661
1661|1662
2|1663
1663|1664
1664|1665
1665|1666
1664|1667
1667|1668
1663|1669
1669|1670
1670|1671
1671|1672
1670|1673
1673|1674
1670|1675
1675|1676
1670|1677
1677|1678
1670|1679
1679|1680
1670|1681
1681|1682
1670|1683
1683|1684
1670|1685
1685|1686
1670|1687
1687|1688
2|1689
1689|1690
1690|1691
1691|1692
1690|1693
1693|1694
1689|1695
1695|1696
1696|1697
1697|1698
1696|1699
1699|1700
1696|1701
1701|1702
2|1703
1703|1704
1704|1705
1705|1706
1704|1707
1707|1708
1703|1709
1709|1710
1710|1711
1711|1712
1710|1713
1713|1714
1710|1715
1715|1716
2|1717
1717|1718
1718|1719
1719|1720
1718|1721
1721|1722
1717|1723
1723|1724
1724|1725
1725|1726
1724|1727
1727|1728
2|1729
1729|1730
1730|1731
1731|1732
1730|1733
1733|1734
1729|1735
1735|1736
1736|1737
1737|1738
1736|1739
1739|1740
1736|1741
1741|1742
2|1743
1743|1744
1744|1745
1745|1746
1744|1747
1747|1748
1743|1749
1749|1750
1750|1751
1751|1752
1750|1753
1753|1754
1750|1755
1755|1756
2|1757
1757|1758
1758|1759
1759|1760
1758|1761
1761|1762
1757|1763
1763|1764
1764|1765
1765|1766
1764|1767
1767|1768
1764|1769
1769|1770
2|1771
1771|1772
1772|1773
1773|1774
1772|1775
1775|1776
1771|1777
1777|1778
1778|1779
1779|1780
1778|1781
1781|1782
1778|1783
1783|1784
2|1785
1785|1786
1786|1787
1787|1788
1786|1789
1789|1790
1785|1791
1791|1792
1792|1793
1793|1794
1792|1795
1795|1796
2|1797
1797|1798
1798|1799
1799|1800
1798|1801
1801|1802
1797|1803
1803|1804
1804|1805
1805|1806
1804|1807
1807|1808
1804|1809
1809|1810
1804|1811
1811|1812
2|1813
1813|1814
1814|1815
1815|1816
1814|1817
1817|1818
1813|1819
1819|1820
1820|1821
1821|1822
1820|1823
1823|1824
1820|1825
1825|1826
1820|1827
1827|1828
2|1829
1829|1830
1830|1831
1831|1832
1830|1833
1833|1834
1829|1835
1835|1836
1836|1837
1837|1838
1836|1839
1839|1840
1836|1841
1841|1842
2|1843
1843|1844
1844|1845
1845|1846
1844|1847
1847|1848
1843|1849
1849|1850
1850|1851
1851|1852
1850|1853
1853|1854
1850|1855
1855|1856
1850|1857
1857|1858
2|1859
1859|1860
1860|1861
1861|1862
1860|1863
1863|1864
1859|1865
1865|1866
1866|1867
1867|1868
1866|1869
1869|1870
1866|1871
1871|1872
1866|1873
1873|1874
1866|1875
1875|1876
1866|1877
1877|1878
1866|1879
1879|1880
1866|1881
1881|1882
1866|1883
1883|1884
1866|1885
1885|1886
1866|1887
1887|1888
1866|1889
1889|1890
1866|1891
1891|1892
1866|1893
1893|1894
1866|1895
1895|1896
1866|1897
1897|1898
1866|1899
1899|1900
1866|1901
1901|1902
1866|1903
1903|1904
2|1905
1905|1906
1906|1907
1907|1908
1906|1909
1909|1910
1905|1911
1911|1912
1912|1913
1913|1914
1912|1915
1915|1916
1912|1917
1917|1918
2|1919
1919|1920
1920|1921
1921|1922
1920|1923
1923|1924
1919|1925
1925|1926
1926|1927
1927|1928
1926|1929
1929|1930
2|1931
1931|1932
1932|1933
1933|1934
1932|1935
1935|1936
1931|1937
1937|1938
1938|1939
1939|1940
1938|1941
1941|1942
1938|1943
1943|1944
2|1945
1945|1946
1946|1947
1947|1948
1946|1949
1949|1950
1945|1951
1951|1952
1952|1953
1953|1954
1952|1955
1955|1956
1952|1957
1957|1958
1952|1959
1959|1960
1952|1961
1961|1962
1952|1963
1963|1964
1952|1965
1965|1966
1952|1967
1967|1968
1952|1969
1969|1970
1952|1971
1971|1972
1952|1973
1973|1974
2|1975
1975|1976
1976|1977
1977|1978
1976|1979
1979|1980
1975|1981
1981|1982
1982|1983
1983|1984
1982|1985
1985|1986
1982|1987
1987|1988
2|1989
1989|1990
1990|1991
1991|1992
1990|1993
1993|1994
1989|1995
1995|1996
1996|1997
1997|1998
1996|1999
1999|2000
1996|2001
2001|2002
1996|2003
2003|2004
1996|2005
2005|2006
1996|2007
2007|2008
1996|2009
2009|2010
1996|2011
2011|2012
2|2013
2013|2014
2014|2015
2015|2016
2014|2017
2017|2018
2013|2019
2019|2020
2020|2021
2021|2022
2020|2023
2023|2024
2020|2025
2025|2026
2|2027
2027|2028
2028|2029
2029|2030
2028|2031
2031|2032
2027|2033
2033|2034
2034|2035
2035|2036
2034|2037
2037|2038
2034|2039
2039|2040
2|2041
2041|2042
2042|2043
2043|2044
2042|2045
2045|2046
2041|2047
2047|2048
2048|2049
2049|2050
2048|2051
2051|2052
2048|2053
2053|2054
2|2055
2055|2056
2056|2057
2057|2058
2056|2059
2059|2060
2055|2061
2061|2062
2062|2063
2063|2064
2062|2065
2065|2066
2062|2067
2067|2068
2|2069
2069|2070
2070|2071
2071|2072
2070|2073
2073|2074
2069|2075
2075|2076
2076|2077
2077|2078
2076|2079
2079|2080
2076|2081
2081|2082
2|2083
2083|2084
2084|2085
2085|2086
2084|2087
2087|2088
2083|2089
2089|2090
2090|2091
2091|2092
2090|2093
2093|2094
2090|2095
2095|2096
2090|2097
2097|2098
2090|2099
2099|2100
2|2101
2101|2102
2102|2103
2103|2104
2102|2105
2105|2106
2101|2107
2107|2108
2108|2109
2109|2110
2108|2111
2111|2112
2108|2113
2113|2114
2|2115
2115|2116
2116|2117
2117|2118
2116|2119
2119|2120
2115|2121
2121|2122
2122|2123
2123|2124
2122|2125
2125|2126
2|2127
2127|2128
2128|2129
2129|2130
2128|2131
2131|2132
2127|2133
2133|2134
2134|2135
2135|2136
2134|2137
2137|2138
2134|2139
2139|2140
2|2141
2141|2142
2142|2143
2143|2144
2142|2145
2145|2146
2141|2147
2147|2148
2148|2149
2149|2150
2148|2151
2151|2152
2148|2153
2153|2154
2|2155
2155|2156
2156|2157
2157|2158
2156|2159
2159|2160
2155|2161
2161|2162
2162|2163
2163|2164
2162|2165
2165|2166
2162|2167
2167|2168
2|2169
2169|2170
2170|2171
2171|2172
2170|2173
2173|2174
2169|2175
2175|2176
2176|2177
2177|2178
2176|2179
2179|2180
2176|2181
2181|2182
2|2183
2183|2184
2184|2185
2185|2186
2184|2187
2187|2188
2183|2189
2189|2190
2190|2191
2191|2192
2190|2193
2193|2194
2|2195
2195|2196
2196|2197
2197|2198
2196|2199
2199|2200
2195|2201
2201|2202
2202|2203
2203|2204
2202|2205
2205|2206
2202|2207
2207|2208
2|2209
2209|2210
2210|2211
2211|2212
2210|2213
2213|2214
2209|2215
2215|2216
2216|2217
2217|2218
2216|2219
2219|2220
2216|2221
2221|2222
2|2223
2223|2224
2224|2225
2225|2226
2224|2227
2227|2228
2223|2229
2229|2230
2230|2231
2231|2232
2230|2233
2233|2234
2230|2235
2235|2236
2|2237
2237|2238
2238|2239
2239|2240
2238|2241
2241|2242
2237|2243
2243|2244
2244|2245
2245|2246
2244|2247
2247|2248
2244|2249
2249|2250
2|2251
2251|2252
2252|2253
2253|2254
2252|2255
2255|2256
2251|2257
2257|2258
2258|2259
2259|2260
2258|2261
2261|2262
2258|2263
2263|2264
2|2265
2265|2266
2266|2267
2267|2268
2266|2269
2269|2270
2265|2271
2271|2272
2272|2273
2273|2274
2272|2275
2275|2276
2272|2277
2277|2278
2|2279
2279|2280
2280|2281
2281|2282
2280|2283
2283|2284
2279|2285
2285|2286
2286|2287
2287|2288
2286|2289
2289|2290
2286|2291
2291|2292
2286|2293
2293|2294
2286|2295
2295|2296
2286|2297
2297|2298
2286|2299
2299|2300
2|2301
2301|2302
2302|2303
2303|2304
2302|2305
2305|2306
2301|2307
2307|2308
2308|2309
2309|2310
2308|2311
2311|2312
2308|2313
2313|2314
2|2315
2315|2316
2316|2317
2317|2318
2316|2319
2319|2320
2315|2321
2321|2322
2322|2323
2323|2324
2322|2325
2325|2326
2322|2327
2327|2328
2|2329
2329|2330
2330|2331
2331|2332
2330|2333
2333|2334
2329|2335
2335|2336
2336|2337
2337|2338
2336|2339
2339|2340
2|2341
2341|2342
2342|2343
2343|2344
2342|2345
2345|2346
2341|2347
2347|2348
2348|2349
2349|2350
2348|2351
2351|2352
2348|2353
2353|2354
2348|2355
2355|2356
2348|2357
2357|2358
2348|2359
2359|2360
2348|2361
2361|2362
2348|2363
2363|2364
2348|2365
2365|2366
2348|2367
2367|2368
2348|2369
2369|2370
2348|2371
2371|2372
2|2373
2373|2374
2374|2375
2375|2376
2374|2377
2377|2378
2373|2379
2379|2380
2380|2381
2381|2382
2380|2383
2383|2384
2380|2385
2385|2386
2|2387
2387|2388
2388|2389
2389|2390
2388|2391
2391|2392
2387|2393
2393|2394
2394|2395
2395|2396
2394|2397
2397|2398
2394|2399
2399|2400
2|2401
2401|2402
2402|2403
2403|2404
2402|2405
2405|2406
2401|2407
2407|2408
2408|2409
2409|2410
2408|2411
2411|2412
2408|2413
2413|2414
2|2415
2415|2416
2416|2417
2417|2418
2416|2419
2419|2420
2415|2421
2421|2422
2422|2423
2423|2424
2422|2425
2425|2426
2422|2427
2427|2428
2|2429
2429|2430
2430|2431
2431|2432
2430|2433
2433|2434
2429|2435
2435|2436
2436|2437
2437|2438
2436|2439
2439|2440
2|2441
2441|2442
2442|2443
2443|2444
2442|2445
2445|2446
2441|2447
2447|2448
2448|2449
2449|2450
2448|2451
2451|2452
2448|2453
2453|2454
2|2455
2455|2456
2456|2457
2457|2458
2456|2459
2459|2460
2455|2461
2461|2462
2462|2463
2463|2464
2462|2465
2465|2466
2462|2467
2467|2468
2|2469
2469|2470
2470|2471
2471|2472
2470|2473
2473|2474
2469|2475
2475|2476
2476|2477
2477|2478
2476|2479
2479|2480
2476|2481
2481|2482
2|2483
2483|2484
2484|2485
2485|2486
2484|2487
2487|2488
2483|2489
2489|2490
2490|2491
2491|2492
2490|2493
2493|2494
2490|2495
2495|2496
2|2497
2497|2498
2498|2499
2499|2500
2498|2501
2501|2502
2497|2503
2503|2504
2504|2505
2505|2506
2504|2507
2507|2508
2504|2509
2509|2510
2504|2511
2511|2512
2504|2513
2513|2514
2504|2515
2515|2516
2504|2517
2517|2518
2504|2519
2519|2520
2504|2521
2521|2522
2504|2523
2523|2524
2504|2525
2525|2526
2504|2527
2527|2528
2|2529
2529|2530
2530|2531
2531|2532
2530|2533
2533|2534
2529|2535
2535|2536
2536|2537
2537|2538
2536|2539
2539|2540
2536|2541
2541|2542
2536|2543
2543|2544
2536|2545
2545|2546
2536|2547
2547|2548
2536|2549
2549|2550
2536|2551
2551|2552
2|2553
2553|2554
2554|2555
2555|2556
2554|2557
2557|2558
2553|2559
2559|2560
2560|2561
2561|2562
2560|2563
2563|2564
2|2565
2565|2566
2566|2567
2567|2568
2566|2569
2569|2570
2565|2571
2571|2572
2572|2573
2573|2574
2572|2575
2575|2576
2572|2577
2577|2578
2|2579
2579|2580
2580|2581
2581|2582
2580|2583
2583|2584
2579|2585
2585|2586
2586|2587
2587|2588
2586|2589
2589|2590
2586|2591
2591|2592
2|2593
2593|2594
2594|2595
2595|2596
2594|2597
2597|2598
2593|2599
2599|2600
2600|2601
2601|2602
2600|2603
2603|2604
2600|2605
2605|2606
2|2607
2607|2608
2608|2609
2609|2610
2608|2611
2611|2612
2607|2613
2613|2614
2614|2615
2615|2616
2614|2617
2617|2618
2614|2619
2619|2620
2|2621
2621|2622
2622|2623
2623|2624
2622|2625
2625|2626
2621|2627
2627|2628
2628|2629
2629|2630
2628|2631
2631|2632
2628|2633
2633|2634
2|2635
2635|2636
2636|2637
2637|2638
2636|2639
2639|2640
2635|2641
2641|2642
2642|2643
2643|2644
2642|2645
2645|2646
2642|2647
2647|2648
2|2649
2649|2650
2650|2651
2651|2652
2650|2653
2653|2654
2649|2655
2655|2656
2656|2657
2657|2658
2656|2659
2659|2660
2656|2661
2661|2662
2656|2663
2663|2664
2656|2665
2665|2666
2656|2667
2667|2668
2656|2669
2669|2670
2656|2671
2671|2672
2656|2673
2673|2674
2656|2675
2675|2676
2656|2677
2677|2678
2656|2679
2679|2680
2656|2681
2681|2682
2|2683
2683|2684
2684|2685
2685|2686
2684|2687
2687|2688
2683|2689
2689|2690
2690|2691
2691|2692
2690|2693
2693|2694
2690|2695
2695|2696
2|2697
2697|2698
2698|2699
2699|2700
2698|2701
2701|2702
2697|2703
2703|2704
2704|2705
2705|2706
2704|2707
2707|2708
2704|2709
2709|2710
2|2711
2711|2712
2712|2713
2713|2714
2712|2715
2715|2716
2711|2717
2717|2718
2718|2719
2719|2720
2718|2721
2721|2722
2718|2723
2723|2724
2|2725
2725|2726
2726|2727
2727|2728
2726|2729
2729|2730
2725|2731
2731|2732
2732|2733
2733|2734
2732|2735
2735|2736
2732|2737
2737|2738
2|2739
2739|2740
2740|2741
2741|2742
2740|2743
2743|2744
2739|2745
2745|2746
2746|2747
2747|2748
2746|2749
2749|2750
2746|2751
2751|2752
2746|2753
2753|2754
2|2755
2755|2756
2756|2757
2757|2758
2756|2759
2759|2760
2755|2761
2761|2762
2762|2763
2763|2764
2762|2765
2765|2766
2762|2767
2767|2768
2|2769
2769|2770
2770|2771
2771|2772
2770|2773
2773|2774
2769|2775
2775|2776
2776|2777
2777|2778
2776|2779
2779|2780
2776|2781
2781|2782
2|2783
2783|2784
2784|2785
2785|2786
2784|2787
2787|2788
2783|2789
2789|2790
2790|2791
2791|2792
2790|2793
2793|2794
2790|2795
2795|2796
2790|2797
2797|2798
2790|2799
2799|2800
2790|2801
2801|2802
2790|2803
2803|2804
2790|2805
2805|2806
2790|2807
2807|2808
2790|2809
2809|2810
2|2811
2811|2812
2812|2813
2813|2814
2812|2815
2815|2816
2811|2817
2817|2818
2818|2819
2819|2820
2818|2821
2821|2822
2818|2823
2823|2824
2|2825
2825|2826
2826|2827
2827|2828
2826|2829
2829|2830
2825|2831
2831|2832
2832|2833
2833|2834
2832|2835
2835|2836
2832|2837
2837|2838
2|2839
2839|2840
2840|2841
2841|2842
2840|2843
2843|2844
2839|2845
2845|2846
2846|2847
2847|2848
2846|2849
2849|2850
2846|2851
2851|2852
2|2853
2853|2854
2854|2855
2855|2856
2854|2857
2857|2858
2853|2859
2859|2860
2860|2861
2861|2862
2860|2863
2863|2864
2860|2865
2865|2866
2|2867
2867|2868
2868|2869
2869|2870
2868|2871
2871|2872
2867|2873
2873|2874
2874|2875
2875|2876
2874|2877
2877|2878
2|2879
2879|2880
2880|2881
2881|2882
2880|2883
2883|2884
2879|2885
2885|2886
2886|2887
2887|2888
2886|2889
2889|2890
2886|2891
2891|2892
2|2893
2893|2894
2894|2895
2895|2896
2894|2897
2897|2898
2893|2899
2899|2900
2900|2901
2901|2902
2900|2903
2903|2904
2|2905
2905|2906
2906|2907
2907|2908
2906|2909
2909|2910
2905|2911
2911|2912
2912|2913
2913|2914
2912|2915
2915|2916
2912|2917
2917|2918
2912|2919
2919|2920
2912|2921
2921|2922
2912|2923
2923|2924
2912|2925
2925|2926
2912|2927
2927|2928
2912|2929
2929|2930
2912|2931
2931|2932
2912|2933
2933|2934
2|2935
2935|2936
2936|2937
2937|2938
2936|2939
2939|2940
2935|2941
2941|2942
2942|2943
2943|2944
2942|2945
2945|2946
2|2947
2947|2948
2948|2949
2949|2950
2948|2951
2951|2952
2947|2953
2953|2954
2954|2955
2955|2956
2954|2957
2957|2958
2|2959
2959|2960
2960|2961
2961|2962
2960|2963
2963|2964
2959|2965
2965|2966
2966|2967
2967|2968
2966|2969
2969|2970
2966|2971
2971|2972
2|2973
2973|2974
2974|2975
2975|2976
2974|2977
2977|2978
2973|2979
2979|2980
2980|2981
2981|2982
2980|2983
2983|2984
2980|2985
2985|2986
2|2987
2987|2988
2988|2989
2989|2990
2988|2991
2991|2992
2987|2993
2993|2994
2994|2995
2995|2996
2994|2997
2997|2998
2|2999
2999|3000
3000|3001
3001|3002
3000|3003
3003|3004
2999|3005
3005|3006
3006|3007
3007|3008
3006|3009
3009|3010
2|3011
3011|3012
3012|3013
3013|3014
3012|3015
3015|3016
3011|3017
3017|3018
3018|3019
3019|3020
3018|3021
3021|3022
3018|3023
3023|3024
2|3025
3025|3026
3026|3027
3027|3028
3026|3029
3029|3030
3025|3031
3031|3032
3032|3033
3033|3034
3032|3035
3035|3036
2|3037
3037|3038
3038|3039
3039|3040
3038|3041
3041|3042
3037|3043
3043|3044
3044|3045
3045|3046
3044|3047
3047|3048
3044|3049
3049|3050
2|3051
3051|3052
3052|3053
3053|3054
3052|3055
3055|3056
3051|3057
3057|3058
3058|3059
3059|3060
3058|3061
3061|3062
3058|3063
3063|3064
3058|3065
3065|3066
2|3067
3067|3068
3068|3069
3069|3070
3068|3071
3071|3072
3067|3073
3073|3074
3074|3075
3075|3076
3074|3077
3077|3078
3074|3079
3079|3080
2|3081
3081|3082
3082|3083
3083|3084
3082|3085
3085|3086
3081|3087
3087|3088
3088|3089
3089|3090
3088|3091
3091|3092
3088|3093
3093|3094
3088|3095
3095|3096
3088|3097
3097|3098
3088|3099
3099|3100
2|3101
3101|3102
3102|3103
3103|3104
3102|3105
3105|3106
3101|3107
3107|3108
3108|3109
3109|3110
3108|3111
3111|3112
3108|3113
3113|3114
2|3115
3115|3116
3116|3117
3117|3118
3116|3119
3119|3120
3115|3121
3121|3122
3122|3123
3123|3124
3122|3125
3125|3126
3122|3127
3127|3128
3122|3129
3129|3130
2|3131
3131|3132
3132|3133
3133|3134
3132|3135
3135|3136
3131|3137
3137|3138
3138|3139
3139|3140
3138|3141
3141|3142
2|3143
3143|3144
3144|3145
3145|3146
3144|3147
3147|3148
3143|3149
3149|3150
3150|3151
3151|3152
3150|3153
3153|3154
3150|3155
3155|3156
2|3157
3157|3158
3158|3159
3159|3160
3158|3161
3161|3162
3157|3163
3163|3164
3164|3165
3165|3166
3164|3167
3167|3168
3164|3169
3169|3170
3164|3171
3171|3172
3164|3173
3173|3174
3164|3175
3175|3176
2|3177
3177|3178
3178|3179
3179|3180
3178|3181
3181|3182
3177|3183
3183|3184
3184|3185
3185|3186
3184|3187
3187|3188
2|3189
3189|3190
3190|3191
3191|3192
3190|3193
3193|3194
3189|3195
3195|3196
3196|3197
3197|3198
3196|3199
3199|3200
3196|3201
3201|3202
3196|3203
3203|3204
3196|3205
3205|3206
3196|3207
3207|3208
3196|3209
3209|3210
3196|3211
3211|3212
3196|3213
3213|3214
3196|3215
3215|3216
3196|3217
3217|3218
2|3219
3219|3220
3220|3221
3221|3222
3220|3223
3223|3224
3219|3225
3225|3226
3226|3227
3227|3228
3226|3229
3229|3230
3226|3231
3231|3232
3226|3233
3233|3234
3226|3235
3235|3236
3226|3237
3237|3238
3226|3239
3239|3240
3226|3241
3241|3242
3226|3243
3243|3244
2|3245
3245|3246
3246|3247
3247|3248
3246|3249
3249|3250
3245|3251
3251|3252
3252|3253
3253|3254
3252|3255
3255|3256
3252|3257
3257|3258
2|3259
3259|3260
3260|3261
3261|3262
3260|3263
3263|3264
3259|3265
3265|3266
3266|3267
3267|3268
3266|3269
3269|3270
3266|3271
3271|3272
2|3273
3273|3274
3274|3275
3275|3276
3274|3277
3277|3278
3273|3279
3279|3280
3280|3281
3281|3282
3280|3283
3283|3284
3280|3285
3285|3286
